{
 "cells": [
  {
   "cell_type": "code",
   "execution_count": 38,
   "metadata": {},
   "outputs": [],
   "source": [
    "import sys\n",
    "sys.path.append('../')\n",
    "\n",
    "import jax\n",
    "from jax import numpy as jp\n",
    "import matplotlib.pyplot as plt\n",
    "from IPython.display import HTML\n",
    "from brax.io import model, html\n",
    "import matplotlib.pyplot as plt \n",
    "from sklearn.preprocessing import StandardScaler\n",
    "from sklearn.decomposition import PCA\n",
    "# from src import networks\n",
    "from utils import get_env_config, create_env\n",
    "import pickle\n",
    "import numpy as np\n",
    "\n",
    "import flax.linen as nn\n",
    "from brax.training import gradients, distribution, types, pmap\n",
    "import functools\n",
    "from jax import numpy as jnp\n",
    "import seaborn as sns\n",
    "import pandas as pd"
   ]
  },
  {
   "cell_type": "code",
   "execution_count": 39,
   "metadata": {},
   "outputs": [],
   "source": [
    "RUN_FOLDER_PATH = '/n/fs/klips/JaxGCRL/runs/run_ant-main_s_1'\n",
    "CKPT_NAME = '/step_11427840.pkl'"
   ]
  },
  {
   "cell_type": "code",
   "execution_count": 40,
   "metadata": {},
   "outputs": [],
   "source": [
    "params = model.load_params(RUN_FOLDER_PATH + '/ckpt' + CKPT_NAME)\n",
    "policy_params, encoders_params, context_params = params\n",
    "sa_encoder_params, g_encoder_params = encoders_params['sa_encoder'], encoders_params['g_encoder']"
   ]
  },
  {
   "cell_type": "code",
   "execution_count": 41,
   "metadata": {},
   "outputs": [],
   "source": [
    "args_path = RUN_FOLDER_PATH + '/args.pkl'\n",
    "\n",
    "with open(args_path, \"rb\") as f:\n",
    "    args = pickle.load(f)\n",
    "\n",
    "config = get_env_config(args)"
   ]
  },
  {
   "cell_type": "code",
   "execution_count": 42,
   "metadata": {},
   "outputs": [],
   "source": [
    "env = create_env(env_name=args.env_name, backend=args.backend)\n",
    "obs_size = env.observation_size\n",
    "action_size = env.action_size\n",
    "goal_size = env.observation_size - env.state_dim"
   ]
  },
  {
   "cell_type": "code",
   "execution_count": 43,
   "metadata": {},
   "outputs": [],
   "source": [
    "# The SAEncoder, GoalEncoder, and Actor all use the same function. Output size for SA/Goal encoders should be representation size, and for Actor should be 2 * action_size.\n",
    "# To keep parity with the existing architecture, by default we only use one residual block of depth 2, hence effectively not using the residual connections.\n",
    "class Net(nn.Module):\n",
    "    \"\"\"\n",
    "    MLP with residual connections: residual blocks have $block_size layers. Uses swish activation, optionally uses layernorm.\n",
    "    \"\"\"\n",
    "    output_size: int\n",
    "    width: int = 1024\n",
    "    num_blocks: int = 4\n",
    "    block_size: int = 2\n",
    "    use_ln: bool = True\n",
    "    @nn.compact\n",
    "    def __call__(self, x):\n",
    "        lecun_uniform = nn.initializers.variance_scaling(1/3, \"fan_in\", \"uniform\")\n",
    "        normalize = nn.LayerNorm() if self.use_ln else (lambda x: x)\n",
    "        \n",
    "        # Start of net\n",
    "        residual_stream = jnp.zeros((x.shape[0], self.width))\n",
    "        \n",
    "        # Main body\n",
    "        for i in range(self.num_blocks):\n",
    "            for j in range(self.block_size):\n",
    "                x = nn.swish(normalize(nn.Dense(self.width, kernel_init=lecun_uniform)(x)))\n",
    "            x += residual_stream\n",
    "            residual_stream = x\n",
    "                \n",
    "        # Last layer mapping to representation dimension\n",
    "        x = nn.Dense(self.output_size, kernel_init=lecun_uniform)(x)\n",
    "        return x\n"
   ]
  },
  {
   "cell_type": "code",
   "execution_count": 44,
   "metadata": {},
   "outputs": [],
   "source": [
    "def make_policy(actor, parametric_action_distribution, params, deterministic=False):\n",
    "    def policy(obs, key_sample):\n",
    "        obs = jnp.expand_dims(obs, 0)\n",
    "        # print(\"obs shape\", obs.shape)\n",
    "        logits = actor.apply(params, obs)\n",
    "        # print(\"logits shape\", logits.shape)\n",
    "        if deterministic:\n",
    "            action = parametric_action_distribution.mode(logits)\n",
    "        else:\n",
    "            action = parametric_action_distribution.sample(logits, key_sample)\n",
    "            action = action[0]\n",
    "            # print(\"action shape\", action.shape)\n",
    "        extras = {}\n",
    "        return action, extras\n",
    "    return policy"
   ]
  },
  {
   "cell_type": "code",
   "execution_count": 45,
   "metadata": {},
   "outputs": [],
   "source": [
    "# Network functions\n",
    "block_size = 2 # Maybe make this a hyperparameter\n",
    "num_blocks = max(1, args.n_hidden // block_size)\n",
    "actor = Net(action_size * 2, args.h_dim, num_blocks, block_size, args.use_ln)\n",
    "sa_net = Net(args.repr_dim, args.h_dim, num_blocks, block_size, args.use_ln)\n",
    "g_net = Net(args.repr_dim, args.h_dim, num_blocks, block_size, args.use_ln)\n",
    "context_net = Net(goal_size * 2, args.h_dim, num_blocks, block_size, args.use_ln)\n",
    "parametric_action_distribution = distribution.NormalTanhDistribution(event_size=action_size) # Would like to replace this but it's annoying to.\n",
    "\n",
    "inference_fn = make_policy(actor, parametric_action_distribution, policy_params)\n",
    "# inference_fn = inference_fn(params[:1])\n",
    "\n",
    "# crl_networks = networks.make_crl_networks(config, env, obs_size, action_size)\n",
    "\n",
    "# inference_fn = networks.make_inference_fn(crl_networks)\n",
    "# inference_fn = inference_fn(params[:2])\n",
    "\n",
    "sa_encoder = lambda obs: sa_net.apply(sa_encoder_params, obs)\n",
    "g_encoder = lambda obs: g_net.apply(g_encoder_params, obs)\n",
    "context_encoder = lambda traj: context_net.apply(context_params, traj)"
   ]
  },
  {
   "cell_type": "code",
   "execution_count": 46,
   "metadata": {},
   "outputs": [],
   "source": [
    "NUM_EPISODES = 1\n",
    "\n",
    "jit_env_reset = jax.jit(env.reset)\n",
    "jit_env_step = jax.jit(env.step)\n",
    "jit_inference_fn = jax.jit(inference_fn)"
   ]
  },
  {
   "cell_type": "code",
   "execution_count": 47,
   "metadata": {},
   "outputs": [],
   "source": [
    "trajectories = []\n",
    "rollouts = []\n",
    "rewards = []\n",
    "\n",
    "for episode in range(NUM_EPISODES):\n",
    "    trajectory = []\n",
    "    reward = []\n",
    "    rng = jax.random.PRNGKey(seed=episode)\n",
    "    state = jit_env_reset(rng=rng)\n",
    "    # print(state.reward)\n",
    "    for _ in range(1024):\n",
    "        rollouts.append(state.pipeline_state)\n",
    "        act_rng, rng = jax.random.split(rng)\n",
    "        # print(state.obs.shape)\n",
    "        act, _ = jit_inference_fn(state.obs, act_rng)\n",
    "        trajectory.append((state,act))\n",
    "        reward.append(state.reward.item())\n",
    "        state = jit_env_step(state, act)\n",
    "    rewards.append(reward)\n",
    "    trajectories.append(trajectory)"
   ]
  },
  {
   "cell_type": "code",
   "execution_count": 48,
   "metadata": {},
   "outputs": [],
   "source": [
    "# HTML(html.render(env.sys.tree_replace({'opt.timestep': env.dt}), rollouts))\n",
    "# html.save(\"ant-crl-main.html\", env.sys.tree_replace({'opt.timestep': env.dt}), rollouts) "
   ]
  },
  {
   "cell_type": "code",
   "execution_count": 56,
   "metadata": {},
   "outputs": [
    {
     "name": "stdout",
     "output_type": "stream",
     "text": [
      "[State(pipeline_state=State(q=Array([ 3.00218910e-03, -4.32271734e-02,  5.08071601e-01,  9.34209585e-01,\n",
      "         9.99258235e-02, -1.29214525e-02, -5.92630170e-02,  8.33190456e-02,\n",
      "         1.01426196e+00, -9.48459655e-02, -1.03614187e+00,  2.44859233e-02,\n",
      "        -1.09609950e+00, -5.72115667e-02,  9.78265464e-01, -9.26367378e+00,\n",
      "        -3.76621151e+00], dtype=float32), qd=Array([ 0.21316177,  0.22663763, -0.01798853, -0.13518217,  0.02426207,\n",
      "        -0.12483209, -0.07416499, -0.11012311, -0.0152591 ,  0.13924739,\n",
      "        -0.15217468, -0.03900238,  0.00540192,  0.15641257,  0.        ,\n",
      "         0.        ], dtype=float32), x=Transform(pos=Array([[ 3.0021891e-03, -4.3227173e-02,  5.0807160e-01],\n",
      "        [ 2.0044208e-01,  1.0599417e-01,  5.4817832e-01],\n",
      "        [ 3.8436568e-01,  2.7088851e-01,  5.9107429e-01],\n",
      "        [-1.5117937e-01,  1.5131837e-01,  5.4325879e-01],\n",
      "        [-2.8596967e-01,  3.5912138e-01,  5.8208609e-01],\n",
      "        [-1.9443768e-01, -1.9244853e-01,  4.6796486e-01],\n",
      "        [-3.8804349e-01, -3.4638828e-01,  4.2700863e-01],\n",
      "        [ 1.5718377e-01, -2.3777273e-01,  4.7288442e-01],\n",
      "        [ 2.9982340e-01, -4.4053254e-01,  4.3546146e-01],\n",
      "        [-9.2636738e+00, -3.7662115e+00,  9.9999998e-03]], dtype=float32), rot=Array([[ 0.9922625 ,  0.10613533, -0.01372441, -0.06294569],\n",
      "        [ 0.994023  ,  0.10547165, -0.01813277, -0.02156585],\n",
      "        [ 0.91136533, -0.24176551,  0.33292446,  0.01114244],\n",
      "        [ 0.98816293,  0.10666662, -0.00867761, -0.10991333],\n",
      "        [ 0.8928045 , -0.29183614, -0.31506932, -0.13587934],\n",
      "        [ 0.9929587 ,  0.10595936, -0.01502276, -0.05079304],\n",
      "        [ 0.80296004,  0.43755284, -0.39736092, -0.07685681],\n",
      "        [ 0.99005616,  0.10648446, -0.01068312, -0.09130051],\n",
      "        [ 0.84213364,  0.45326978,  0.28917354, -0.04166673],\n",
      "        [ 1.        ,  0.        ,  0.        ,  0.        ]],      dtype=float32)), xd=Motion(ang=Array([[-0.11171627,  0.05928419, -0.10521363],\n",
      "        [-0.10904733,  0.07301746, -0.1694485 ],\n",
      "        [-0.0428284 ,  0.00237016, -0.18180135],\n",
      "        [-0.11116715,  0.06210974, -0.11842965],\n",
      "        [-0.00721304,  0.12617281, -0.10041384],\n",
      "        [-0.10624003,  0.08746265, -0.23701327],\n",
      "        [-0.08431907,  0.06114777, -0.24172851],\n",
      "        [-0.11191066,  0.0582839 , -0.10053498],\n",
      "        [ 0.00197069,  0.1345169 , -0.07950481],\n",
      "        [ 0.        ,  0.        ,  0.        ]], dtype=float32), vel=Array([[ 0.21316177,  0.22663763, -0.01798853],\n",
      "        [ 0.23123959,  0.21034484, -0.04636405],\n",
      "        [ 0.26231283,  0.18385695, -0.07777497],\n",
      "        [ 0.23571666,  0.24679062, -0.0305819 ],\n",
      "        [ 0.26273826,  0.2670701 , -0.04531098],\n",
      "        [ 0.19508395,  0.24293043,  0.01038699],\n",
      "        [ 0.15501603,  0.2844664 ,  0.04367483],\n",
      "        [ 0.19060688,  0.20648465, -0.00539515],\n",
      "        [ 0.16804127,  0.18795635,  0.00898224],\n",
      "        [ 0.        ,  0.        ,  0.        ]], dtype=float32)), contact=None, x_i=Transform(pos=Array([[ 3.0021891e-03, -4.3227173e-02,  5.0807160e-01],\n",
      "        [ 3.0418819e-01,  1.9900641e-01,  5.7237476e-01],\n",
      "        [ 5.0372279e-01,  4.1932476e-01,  3.8197958e-01],\n",
      "        [-2.2721079e-01,  2.6853421e-01,  5.6516016e-01],\n",
      "        [-3.5357201e-01,  5.2941483e-01,  3.6660969e-01],\n",
      "        [-3.0364528e-01, -2.7928162e-01,  4.4486260e-01],\n",
      "        [-4.7766104e-01, -3.7321275e-01,  1.6008326e-01],\n",
      "        [ 2.3764278e-01, -3.5214382e-01,  4.5177519e-01],\n",
      "        [ 3.9921540e-01, -5.1926285e-01,  1.8263191e-01],\n",
      "        [-9.2636738e+00, -3.7662115e+00,  9.9999998e-03]], dtype=float32), rot=Array([[ 0.9922625 ,  0.10613533, -0.01372441, -0.06294569],\n",
      "        [ 0.994023  ,  0.10547165, -0.01813277, -0.02156585],\n",
      "        [ 0.91136533, -0.24176551,  0.33292446,  0.01114244],\n",
      "        [ 0.98816293,  0.10666662, -0.00867761, -0.10991333],\n",
      "        [ 0.8928045 , -0.29183614, -0.31506932, -0.13587934],\n",
      "        [ 0.9929587 ,  0.10595936, -0.01502276, -0.05079304],\n",
      "        [ 0.80296004,  0.43755284, -0.39736092, -0.07685681],\n",
      "        [ 0.99005616,  0.10648446, -0.01068312, -0.09130051],\n",
      "        [ 0.84213364,  0.45326978,  0.28917354, -0.04166673],\n",
      "        [ 1.        ,  0.        ,  0.        ,  0.        ]],      dtype=float32)), xd_i=Motion(ang=Array([[-0.11171627,  0.05928419, -0.10521363],\n",
      "        [-0.10904733,  0.07301746, -0.1694485 ],\n",
      "        [-0.0428284 ,  0.00237016, -0.18180135],\n",
      "        [-0.11116715,  0.06210974, -0.11842965],\n",
      "        [-0.00721304,  0.12617281, -0.10041384],\n",
      "        [-0.10624003,  0.08746265, -0.23701327],\n",
      "        [-0.08431907,  0.06114777, -0.24172851],\n",
      "        [-0.11191066,  0.0582839 , -0.10053498],\n",
      "        [ 0.00197069,  0.1345169 , -0.07950481],\n",
      "        [ 0.        ,  0.        ,  0.        ]], dtype=float32), vel=Array([[ 0.21316177,  0.22663763, -0.01798853],\n",
      "        [ 0.24876714,  0.19540377, -0.06408206],\n",
      "        [ 0.28880316,  0.15320247, -0.08441515],\n",
      "        [ 0.25095877,  0.2582297 , -0.03889016],\n",
      "        [ 0.25265083,  0.2723041 , -0.03800974],\n",
      "        [ 0.17248277,  0.2663597 ,  0.02916373],\n",
      "        [ 0.1322099 ,  0.2836226 ,  0.05141656],\n",
      "        [ 0.17787826,  0.19603336,  0.00271473],\n",
      "        [ 0.12777199,  0.18055245, -0.00454282],\n",
      "        [ 0.        ,  0.        ,  0.        ]], dtype=float32)), j=Transform(pos=Array([[ 3.0021891e-03, -4.3227173e-02,  5.0807160e-01],\n",
      "        [-2.2717649e-02, -2.2717645e-02, -3.8184226e-08],\n",
      "        [-2.2717601e-02, -2.2717597e-02, -1.4435500e-08],\n",
      "        [ 2.2717649e-02, -2.2717679e-02, -2.3283064e-09],\n",
      "        [ 2.2717630e-02, -2.2717647e-02, -1.6763806e-08],\n",
      "        [ 2.2717677e-02,  2.2717651e-02,  6.5192580e-09],\n",
      "        [ 2.2717640e-02,  2.2717662e-02, -1.4901161e-08],\n",
      "        [-2.2717645e-02,  2.2717649e-02,  7.4505806e-09],\n",
      "        [-2.2717642e-02,  2.2717636e-02,  3.2596290e-09],\n",
      "        [-9.2636738e+00, -3.7662115e+00,  0.0000000e+00]], dtype=float32), rot=Array([[ 9.9226248e-01,  1.0613533e-01, -1.3724407e-02, -6.2945694e-02],\n",
      "        [ 9.9913239e-01, -8.8475645e-09, -9.3132257e-10,  4.1647479e-02],\n",
      "        [ 8.7414157e-01, -3.4342146e-01,  3.4342149e-01, -3.7252903e-09],\n",
      "        [ 9.9887574e-01,  2.5611371e-09, -9.3132257e-10, -4.7405209e-02],\n",
      "        [ 8.6877614e-01, -3.5016286e-01, -3.5016289e-01,  1.4901161e-08],\n",
      "        [ 9.9992508e-01,  6.7520887e-09,  1.8626451e-09,  1.2242656e-02],\n",
      "        [ 8.5354227e-01,  3.6841935e-01, -3.6841938e-01,  0.0000000e+00],\n",
      "        [ 9.9959093e-01,  5.0058588e-09,  9.3132257e-10, -2.8601877e-02],\n",
      "        [ 8.8274074e-01,  3.3224156e-01,  3.3224156e-01,  0.0000000e+00],\n",
      "        [ 1.0000000e+00,  0.0000000e+00,  0.0000000e+00,  0.0000000e+00]],      dtype=float32)), jd=Motion(ang=Array([[-1.1171627e-01,  5.9284188e-02, -1.0521363e-01],\n",
      "        [ 2.3283064e-10,  0.0000000e+00, -6.5740734e-02],\n",
      "        [ 6.9023833e-02, -6.9023840e-02, -2.7939677e-09],\n",
      "        [ 1.1059456e-09,  2.3283064e-10, -1.3525844e-02],\n",
      "        [ 8.7278582e-02,  8.7278582e-02,  3.7252903e-09],\n",
      "        [ 1.3969839e-09,  1.8626451e-09, -1.3488944e-01],\n",
      "        [ 2.4446221e-02, -2.4446217e-02,  2.7939677e-09],\n",
      "        [ 3.3760443e-09, -1.3387762e-09,  4.7883270e-03],\n",
      "        [ 9.8037489e-02,  9.8037504e-02, -1.8626451e-09],\n",
      "        [ 0.0000000e+00,  0.0000000e+00,  0.0000000e+00]], dtype=float32), vel=Array([[ 0.21316177,  0.22663763, -0.01798853],\n",
      "        [ 0.04174729, -0.04174729, -0.05332255],\n",
      "        [ 0.06655009, -0.06655011, -0.0562247 ],\n",
      "        [ 0.04174729,  0.04174729, -0.03709473],\n",
      "        [ 0.04685036,  0.04685036, -0.04197787],\n",
      "        [-0.0417473 ,  0.04174729,  0.05332255],\n",
      "        [-0.09263869,  0.0926387 ,  0.05421476],\n",
      "        [-0.04174729, -0.04174729,  0.03709474],\n",
      "        [-0.03994073, -0.03994073,  0.04008305],\n",
      "        [ 0.        ,  0.        ,  0.        ]], dtype=float32)), a_p=Transform(pos=Array([[ 0.        ,  0.        ,  0.        ],\n",
      "        [ 0.22574279,  0.12511596,  0.5533178 ],\n",
      "        [ 0.4079343 ,  0.29201865,  0.59657115],\n",
      "        [-0.1709368 ,  0.17624822,  0.5477678 ],\n",
      "        [-0.3032422 ,  0.38575006,  0.5870616 ],\n",
      "        [-0.21973842, -0.21157032,  0.46282542],\n",
      "        [-0.41285288, -0.36611474,  0.42176035],\n",
      "        [ 0.17694119, -0.26270255,  0.46837538],\n",
      "        [ 0.3181018 , -0.46651495,  0.43066594],\n",
      "        [ 0.        ,  0.        ,  0.01      ]], dtype=float32), rot=Array([[ 1.        ,  0.        ,  0.        ,  0.        ],\n",
      "        [ 0.9922625 ,  0.10613533, -0.01372441, -0.06294569],\n",
      "        [ 0.994023  ,  0.10547165, -0.01813277, -0.02156585],\n",
      "        [ 0.9922625 ,  0.10613533, -0.01372441, -0.06294569],\n",
      "        [ 0.98816293,  0.10666662, -0.00867761, -0.10991333],\n",
      "        [ 0.9922625 ,  0.10613533, -0.01372441, -0.06294569],\n",
      "        [ 0.9929587 ,  0.10595936, -0.01502276, -0.05079304],\n",
      "        [ 0.9922625 ,  0.10613533, -0.01372441, -0.06294569],\n",
      "        [ 0.99005616,  0.10648446, -0.01068312, -0.09130051],\n",
      "        [ 1.        ,  0.        ,  0.        ,  0.        ]],      dtype=float32)), a_c=Transform(pos=Array([[ 3.0021891e-03, -4.3227173e-02,  5.0807160e-01],\n",
      "        [ 2.0044208e-01,  1.0599417e-01,  5.4817832e-01],\n",
      "        [ 3.8436568e-01,  2.7088851e-01,  5.9107429e-01],\n",
      "        [-1.5117937e-01,  1.5131837e-01,  5.4325879e-01],\n",
      "        [-2.8596967e-01,  3.5912138e-01,  5.8208609e-01],\n",
      "        [-1.9443768e-01, -1.9244853e-01,  4.6796486e-01],\n",
      "        [-3.8804349e-01, -3.4638828e-01,  4.2700863e-01],\n",
      "        [ 1.5718377e-01, -2.3777273e-01,  4.7288442e-01],\n",
      "        [ 2.9982340e-01, -4.4053254e-01,  4.3546146e-01],\n",
      "        [-9.2636738e+00, -3.7662115e+00,  9.9999998e-03]], dtype=float32), rot=Array([[ 0.9922625 ,  0.10613533, -0.01372441, -0.06294569],\n",
      "        [ 0.994023  ,  0.10547165, -0.01813277, -0.02156585],\n",
      "        [ 0.91136533, -0.24176551,  0.33292446,  0.01114244],\n",
      "        [ 0.98816293,  0.10666662, -0.00867761, -0.10991333],\n",
      "        [ 0.8928045 , -0.29183614, -0.31506932, -0.13587934],\n",
      "        [ 0.9929587 ,  0.10595936, -0.01502276, -0.05079304],\n",
      "        [ 0.80296004,  0.43755284, -0.39736092, -0.07685681],\n",
      "        [ 0.99005616,  0.10648446, -0.01068312, -0.09130051],\n",
      "        [ 0.84213364,  0.45326978,  0.28917354, -0.04166673],\n",
      "        [ 1.        ,  0.        ,  0.        ,  0.        ]],      dtype=float32)), i_inv=Array([[[ 1.0000002e+00, -5.9604645e-08,  2.9802322e-08],\n",
      "         [-1.1920929e-07,  1.0000002e+00, -8.1956387e-08],\n",
      "         [-7.4505806e-09, -8.9406967e-08,  1.0000001e+00]],\n",
      "\n",
      "        [[ 9.9999988e-01,  2.9802322e-08,  2.9802322e-08],\n",
      "         [ 5.9604645e-08,  9.9999982e-01,  2.9802322e-08],\n",
      "         [ 0.0000000e+00, -2.2351742e-08,  9.9999982e-01]],\n",
      "\n",
      "        [[ 1.0000002e+00,  2.9802322e-08,  2.9802322e-08],\n",
      "         [-2.9802322e-08,  1.0000004e+00,  7.4505806e-08],\n",
      "         [ 0.0000000e+00,  2.9802322e-08,  1.0000002e+00]],\n",
      "\n",
      "        [[ 1.0000002e+00,  0.0000000e+00,  7.4505806e-09],\n",
      "         [ 5.9604645e-08,  1.0000001e+00,  1.4901161e-08],\n",
      "         [ 2.2351742e-08,  0.0000000e+00,  1.0000001e+00]],\n",
      "\n",
      "        [[ 1.0000005e+00,  0.0000000e+00, -2.9802322e-08],\n",
      "         [-2.9802322e-08,  1.0000005e+00,  0.0000000e+00],\n",
      "         [-2.9802322e-08,  5.9604645e-08,  1.0000005e+00]],\n",
      "\n",
      "        [[ 1.0000000e+00, -2.9802322e-08,  1.4901161e-08],\n",
      "         [-2.9802322e-08,  1.0000000e+00,  5.2154064e-08],\n",
      "         [ 1.4901161e-08, -7.4505806e-09,  1.0000000e+00]],\n",
      "\n",
      "        [[ 1.0000004e+00,  6.3329935e-08,  0.0000000e+00],\n",
      "         [ 3.9115548e-08,  1.0000005e+00, -1.4901161e-08],\n",
      "         [ 5.9604645e-08,  1.4901161e-08,  1.0000005e+00]],\n",
      "\n",
      "        [[ 9.9999976e-01, -8.9406967e-08,  0.0000000e+00],\n",
      "         [-5.9604645e-08,  9.9999988e-01, -1.4901161e-08],\n",
      "         [ 0.0000000e+00, -1.1175871e-08,  9.9999976e-01]],\n",
      "\n",
      "        [[ 1.0000004e+00,  8.1956387e-08,  2.2351742e-08],\n",
      "         [ 1.2572855e-07,  1.0000002e+00,  0.0000000e+00],\n",
      "         [ 7.4505806e-09, -2.9802322e-08,  1.0000002e+00]],\n",
      "\n",
      "        [[ 1.0000000e+00,  0.0000000e+00,  0.0000000e+00],\n",
      "         [ 0.0000000e+00,  1.0000000e+00,  0.0000000e+00],\n",
      "         [ 0.0000000e+00,  0.0000000e+00,  1.0000000e+00]]], dtype=float32), mass=Array([1., 1., 1., 1., 1., 1., 1., 1., 1., 1.], dtype=float32)), obs=Array([ 3.00218910e-03, -4.32271734e-02,  5.08071601e-01,  9.34209585e-01,\n",
      "         9.99258235e-02, -1.29214525e-02, -5.92630170e-02,  8.33190456e-02,\n",
      "         1.01426196e+00, -9.48459655e-02, -1.03614187e+00,  2.44859233e-02,\n",
      "        -1.09609950e+00, -5.72115667e-02,  9.78265464e-01,  2.13161767e-01,\n",
      "         2.26637632e-01, -1.79885291e-02, -1.35182172e-01,  2.42620725e-02,\n",
      "        -1.24832086e-01, -7.41649941e-02, -1.10123105e-01, -1.52591011e-02,\n",
      "         1.39247388e-01, -1.52174681e-01, -3.90023850e-02,  5.40192239e-03,\n",
      "         1.56412572e-01, -9.26367378e+00, -3.76621151e+00], dtype=float32), reward=Array(0., dtype=float32), done=Array(0., dtype=float32), metrics={'dist': Array(0., dtype=float32), 'distance_from_origin': Array(0., dtype=float32), 'forward_reward': Array(0., dtype=float32), 'reward_contact': Array(0., dtype=float32), 'reward_ctrl': Array(0., dtype=float32), 'reward_forward': Array(0., dtype=float32), 'reward_survive': Array(0., dtype=float32), 'success': Array(0., dtype=float32), 'success_easy': Array(0., dtype=float32), 'x_position': Array(0., dtype=float32), 'x_velocity': Array(0., dtype=float32), 'y_position': Array(0., dtype=float32), 'y_velocity': Array(0., dtype=float32)}, info={})\n",
      " State(pipeline_state=State(q=Array([ 0.01510756, -0.03130541,  0.5445692 ,  0.99326843,  0.06717287,\n",
      "        -0.03980563,  0.08556367, -0.29573935,  0.81524676, -0.46558344,\n",
      "        -0.79656434, -0.30324447, -0.9334223 , -0.4199202 ,  1.2027571 ,\n",
      "        -9.263674  , -3.7662115 ], dtype=float32), qd=Array([ 0.26025346,  0.35536546,  0.9980794 , -2.1000428 , -0.45239472,\n",
      "         7.451883  , -9.359733  , -5.0788383 , -9.139354  ,  7.1103873 ,\n",
      "        -8.045163  ,  3.4592056 , -8.973642  ,  6.059905  ,  0.        ,\n",
      "         0.        ], dtype=float32), x=Transform(pos=Array([[ 1.5107561e-02, -3.1305406e-02,  5.4456919e-01],\n",
      "        [ 2.1222800e-01,  1.7236573e-01,  5.6789607e-01],\n",
      "        [ 4.3889606e-01,  3.4198034e-01,  5.8143419e-01],\n",
      "        [-1.9467731e-01,  1.6577643e-01,  5.4984081e-01],\n",
      "        [-3.2583922e-01,  4.2048588e-01,  5.6545812e-01],\n",
      "        [-1.7721292e-01, -2.2157168e-01,  5.1430774e-01],\n",
      "        [-3.9339775e-01, -3.5712963e-01,  4.8311961e-01],\n",
      "        [ 2.2255008e-01, -2.3692524e-01,  5.4391742e-01],\n",
      "        [ 3.6244437e-01, -4.9508691e-01,  5.3077513e-01],\n",
      "        [-9.2636738e+00, -3.7662115e+00,  6.1034933e-03]], dtype=float32), rot=Array([[ 0.99326843,  0.06717287, -0.03980563,  0.08556367],\n",
      "        [ 0.99577314,  0.06969213, -0.00262729, -0.05976775],\n",
      "        [ 0.93433005, -0.19155714,  0.29914168, -0.02911291],\n",
      "        [ 0.9864675 ,  0.06504985, -0.03255124, -0.14693819],\n",
      "        [ 0.9182011 , -0.25016466, -0.26127362, -0.16143295],\n",
      "        [ 0.9924015 ,  0.09921138, -0.03326155, -0.06473163],\n",
      "        [ 0.8429739 ,  0.39190608, -0.35831913, -0.08609381],\n",
      "        [ 0.98941666,  0.06584006, -0.03525661, -0.12440495],\n",
      "        [ 0.8037565 ,  0.49965432,  0.31717128, -0.06102076],\n",
      "        [ 1.        ,  0.        ,  0.        ,  0.        ]],      dtype=float32)), xd=Motion(ang=Array([[-2.4869232 , -1.8325639 ,  7.113531  ],\n",
      "        [-1.7413619 , -0.45305535, -2.1350203 ],\n",
      "        [ 2.0350077 , -3.764245  , -3.5202765 ],\n",
      "        [-2.1273386 , -0.58591455, -1.9436328 ],\n",
      "        [ 4.1377826 ,  2.8583221 , -1.7643102 ],\n",
      "        [-2.152503  , -0.13654074, -0.75080645],\n",
      "        [-3.4996083 ,  3.1657717 , -0.30800635],\n",
      "        [-2.062899  , -0.57359064, -1.7697012 ],\n",
      "        [ 2.9994287 ,  2.8441224 , -1.6197805 ],\n",
      "        [ 0.        ,  0.        ,  0.        ]], dtype=float32), vel=Array([[ 0.26025346,  0.35536546,  0.9980794 ],\n",
      "        [-0.3616797 ,  2.4908705 ,  1.0024654 ],\n",
      "        [ 0.7011422 ,  2.2754605 ,  0.02887899],\n",
      "        [-1.8190587 , -0.13278183,  0.37034518],\n",
      "        [-1.4302955 ,  0.96643823, -0.48373163],\n",
      "        [ 1.2772499 , -1.0062858 ,  0.660684  ],\n",
      "        [ 0.71855605, -0.3368017 ,  0.46837264],\n",
      "        [ 2.367092  ,  0.478345  ,  1.6747638 ],\n",
      "        [ 1.834873  , -1.4779947 ,  2.6391535 ],\n",
      "        [ 0.        ,  0.        ,  0.00732197]], dtype=float32)), contact=None, x_i=Transform(pos=Array([[ 1.5107561e-02, -3.1305406e-02,  5.4456919e-01],\n",
      "        [ 3.2337862e-01,  2.5874028e-01,  5.8149713e-01],\n",
      "        [ 5.9072208e-01,  4.9316216e-01,  3.9679149e-01],\n",
      "        [-2.6158077e-01,  2.9002541e-01,  5.5912083e-01],\n",
      "        [-4.0267372e-01,  6.1817533e-01,  3.7833416e-01],\n",
      "        [-2.8834161e-01, -3.0525714e-01,  4.8886827e-01],\n",
      "        [-5.1193482e-01, -4.0752774e-01,  2.3130816e-01],\n",
      "        [ 2.9505274e-01, -3.5804486e-01,  5.3535008e-01],\n",
      "        [ 4.3770719e-01, -5.4996365e-01,  2.6370946e-01],\n",
      "        [-9.2636738e+00, -3.7662115e+00,  6.1034933e-03]], dtype=float32), rot=Array([[ 0.99326843,  0.06717287, -0.03980563,  0.08556367],\n",
      "        [ 0.99577314,  0.06969213, -0.00262729, -0.05976775],\n",
      "        [ 0.93433005, -0.19155714,  0.29914168, -0.02911291],\n",
      "        [ 0.9864675 ,  0.06504985, -0.03255124, -0.14693819],\n",
      "        [ 0.9182011 , -0.25016466, -0.26127362, -0.16143295],\n",
      "        [ 0.9924015 ,  0.09921138, -0.03326155, -0.06473163],\n",
      "        [ 0.8429739 ,  0.39190608, -0.35831913, -0.08609381],\n",
      "        [ 0.98941666,  0.06584006, -0.03525661, -0.12440495],\n",
      "        [ 0.8037565 ,  0.49965432,  0.31717128, -0.06102076],\n",
      "        [ 1.        ,  0.        ,  0.        ,  0.        ]],      dtype=float32)), xd_i=Motion(ang=Array([[-2.4869232 , -1.8325639 ,  7.113531  ],\n",
      "        [-1.7413619 , -0.45305535, -2.1350203 ],\n",
      "        [ 2.0350077 , -3.764245  , -3.5202765 ],\n",
      "        [-2.1273386 , -0.58591455, -1.9436328 ],\n",
      "        [ 4.1377826 ,  2.8583221 , -1.7643102 ],\n",
      "        [-2.152503  , -0.13654074, -0.75080645],\n",
      "        [-3.4996083 ,  3.1657717 , -0.30800635],\n",
      "        [-2.062899  , -0.57359064, -1.7697012 ],\n",
      "        [ 2.9994287 ,  2.8441224 , -1.6197805 ],\n",
      "        [ 0.        ,  0.        ,  0.        ]], dtype=float32), vel=Array([[ 0.26025346,  0.35536546,  0.9980794 ],\n",
      "        [-0.18343031,  2.277246  ,  0.90241337],\n",
      "        [ 1.9283844 ,  2.1167402 ,  0.90804553],\n",
      "        [-1.5830015 ,  0.01699568,  0.0668258 ],\n",
      "        [-1.6163706 ,  1.8762764 ,  0.553882  ],\n",
      "        [ 1.2178919 , -0.9776082 ,  0.8256436 ],\n",
      "        [-0.09414446, -1.181533  ,  1.0200076 ],\n",
      "        [ 2.1576605 ,  0.33236343,  1.9662082 ],\n",
      "        [ 0.9864173 , -0.7988595 ,  2.260498  ],\n",
      "        [ 0.        ,  0.        ,  0.00732197]], dtype=float32)), j=Transform(pos=Array([[ 1.5107561e-02, -3.1305406e-02,  5.4456919e-01],\n",
      "        [ 2.9252114e-02, -3.2754980e-02, -1.8844515e-02],\n",
      "        [ 4.7521405e-03, -4.4642603e-03, -1.3156308e-02],\n",
      "        [ 2.6874240e-02,  2.9865239e-02, -8.2567027e-03],\n",
      "        [ 5.6544947e-04,  6.2404675e-03, -3.8697887e-03],\n",
      "        [-2.2958903e-02,  4.4122923e-02,  9.7900331e-03],\n",
      "        [ 2.7579460e-03,  3.5622425e-02,  1.2653237e-02],\n",
      "        [-3.0162038e-02, -3.7205502e-02,  1.4175987e-02],\n",
      "        [-7.3331455e-04, -1.5970837e-02,  6.3229483e-03],\n",
      "        [-9.2636738e+00, -3.7662115e+00, -3.8965065e-03]], dtype=float32), rot=Array([[ 9.9326843e-01,  6.7172870e-02, -3.9805628e-02,  8.5563667e-02],\n",
      "        [ 9.8874205e-01, -2.6983474e-04,  2.7049890e-02, -1.4716507e-01],\n",
      "        [ 9.1798484e-01, -2.7381846e-01,  2.8685412e-01,  6.5084100e-03],\n",
      "        [ 9.7291970e-01, -1.0286061e-02, -8.5013211e-03, -2.3075762e-01],\n",
      "        [ 9.2172778e-01, -2.7337188e-01, -2.7510926e-01,  8.0944598e-04],\n",
      "        [ 9.8817068e-01,  2.6458416e-02, -6.3715838e-03, -1.5092430e-01],\n",
      "        [ 8.9294130e-01,  3.2562655e-01, -3.1073061e-01, -8.3586238e-03],\n",
      "        [ 9.7793782e-01, -9.0338076e-03, -9.6250866e-03, -2.0847815e-01],\n",
      "        [ 8.2455629e-01,  3.9983788e-01,  4.0029413e-01,  1.1176392e-03],\n",
      "        [ 1.0000000e+00,  0.0000000e+00,  0.0000000e+00,  0.0000000e+00]],      dtype=float32)), jd=Motion(ang=Array([[-2.4869232e+00, -1.8325639e+00,  7.1135311e+00],\n",
      "        [ 1.2174159e-01,  4.5006037e-02, -9.3796463e+00],\n",
      "        [ 4.1489749e+00, -2.9999518e+00, -9.6446311e-01],\n",
      "        [-2.6189870e-01,  7.1971416e-03, -9.1458740e+00],\n",
      "        [ 4.9763260e+00,  5.0808134e+00, -7.5378084e-01],\n",
      "        [-1.0460064e-01,  6.0139465e-01, -8.0289173e+00],\n",
      "        [-1.7553647e+00,  3.1345456e+00, -9.6716017e-02],\n",
      "        [-1.8082494e-01,  2.9956579e-02, -8.9801464e+00],\n",
      "        [ 4.0438223e+00,  4.5258651e+00, -7.0316541e-01],\n",
      "        [ 0.0000000e+00,  0.0000000e+00,  0.0000000e+00]], dtype=float32), vel=Array([[ 0.26025346,  0.35536546,  0.9980794 ],\n",
      "        [-1.7492716 ,  3.6849358 , -0.5826782 ],\n",
      "        [ 1.4895289 , -0.6266734 , -1.0925274 ],\n",
      "        [-3.66987   , -1.6819093 , -0.92158306],\n",
      "        [ 0.34454775,  1.3709627 , -1.6835346 ],\n",
      "        [ 2.2345355 , -3.040829  ,  0.11849521],\n",
      "        [-0.7610982 ,  0.651567  ,  0.04802057],\n",
      "        [ 3.641223  ,  1.3267566 ,  1.0192921 ],\n",
      "        [-0.2727586 , -2.1737742 ,  1.8851522 ],\n",
      "        [ 0.        ,  0.        ,  0.00732197]], dtype=float32)), a_p=Transform(pos=Array([[ 0.        ,  0.        ,  0.        ],\n",
      "        [ 0.17648068,  0.1968868 ,  0.5880092 ],\n",
      "        [ 0.43452924,  0.34511483,  0.59509826],\n",
      "        [-0.21639481,  0.13103573,  0.551781  ],\n",
      "        [-0.32848424,  0.4142744 ,  0.56840086],\n",
      "        [-0.14626557, -0.2594976 ,  0.5011292 ],\n",
      "        [-0.39947027, -0.3889426 ,  0.46342883],\n",
      "        [ 0.24660993, -0.19364654,  0.5373574 ],\n",
      "        [ 0.36755538, -0.47916448,  0.52678275],\n",
      "        [ 0.        ,  0.        ,  0.01      ]], dtype=float32), rot=Array([[ 1.        ,  0.        ,  0.        ,  0.        ],\n",
      "        [ 0.99326843,  0.06717287, -0.03980563,  0.08556367],\n",
      "        [ 0.99577314,  0.06969213, -0.00262729, -0.05976775],\n",
      "        [ 0.99326843,  0.06717287, -0.03980563,  0.08556367],\n",
      "        [ 0.9864675 ,  0.06504985, -0.03255124, -0.14693819],\n",
      "        [ 0.99326843,  0.06717287, -0.03980563,  0.08556367],\n",
      "        [ 0.9924015 ,  0.09921138, -0.03326155, -0.06473163],\n",
      "        [ 0.99326843,  0.06717287, -0.03980563,  0.08556367],\n",
      "        [ 0.98941666,  0.06584006, -0.03525661, -0.12440495],\n",
      "        [ 1.        ,  0.        ,  0.        ,  0.        ]],      dtype=float32)), a_c=Transform(pos=Array([[ 1.5107561e-02, -3.1305406e-02,  5.4456919e-01],\n",
      "        [ 2.1222800e-01,  1.7236573e-01,  5.6789607e-01],\n",
      "        [ 4.3889606e-01,  3.4198034e-01,  5.8143419e-01],\n",
      "        [-1.9467731e-01,  1.6577643e-01,  5.4984081e-01],\n",
      "        [-3.2583922e-01,  4.2048588e-01,  5.6545812e-01],\n",
      "        [-1.7721292e-01, -2.2157168e-01,  5.1430774e-01],\n",
      "        [-3.9339775e-01, -3.5712963e-01,  4.8311961e-01],\n",
      "        [ 2.2255008e-01, -2.3692524e-01,  5.4391742e-01],\n",
      "        [ 3.6244437e-01, -4.9508691e-01,  5.3077513e-01],\n",
      "        [-9.2636738e+00, -3.7662115e+00,  6.1034933e-03]], dtype=float32), rot=Array([[ 0.99326843,  0.06717287, -0.03980563,  0.08556367],\n",
      "        [ 0.99577314,  0.06969213, -0.00262729, -0.05976775],\n",
      "        [ 0.93433005, -0.19155714,  0.29914168, -0.02911291],\n",
      "        [ 0.9864675 ,  0.06504985, -0.03255124, -0.14693819],\n",
      "        [ 0.9182011 , -0.25016466, -0.26127362, -0.16143295],\n",
      "        [ 0.9924015 ,  0.09921138, -0.03326155, -0.06473163],\n",
      "        [ 0.8429739 ,  0.39190608, -0.35831913, -0.08609381],\n",
      "        [ 0.98941666,  0.06584006, -0.03525661, -0.12440495],\n",
      "        [ 0.8037565 ,  0.49965432,  0.31717128, -0.06102076],\n",
      "        [ 1.        ,  0.        ,  0.        ,  0.        ]],      dtype=float32)), i_inv=Array([[[ 9.9999994e-01, -1.4156103e-07,  1.4901161e-07],\n",
      "         [-8.9406967e-08,  9.9999982e-01, -8.9406967e-08],\n",
      "         [ 6.7055225e-08,  0.0000000e+00,  9.9999976e-01]],\n",
      "\n",
      "        [[ 9.9999976e-01,  0.0000000e+00, -9.3132257e-09],\n",
      "         [ 0.0000000e+00,  9.9999964e-01, -1.4901161e-08],\n",
      "         [ 4.4703484e-08, -3.3993274e-08,  9.9999970e-01]],\n",
      "\n",
      "        [[ 1.0000004e+00,  7.4505806e-09, -2.9802322e-08],\n",
      "         [-2.9802322e-08,  1.0000002e+00, -3.7252903e-08],\n",
      "         [-5.9604645e-08,  0.0000000e+00,  1.0000002e+00]],\n",
      "\n",
      "        [[ 1.0000002e+00,  0.0000000e+00,  2.2351742e-08],\n",
      "         [ 2.9802322e-08,  1.0000002e+00,  0.0000000e+00],\n",
      "         [ 3.7252903e-09,  0.0000000e+00,  1.0000004e+00]],\n",
      "\n",
      "        [[ 1.0000004e+00, -2.9802322e-08,  2.9802322e-08],\n",
      "         [-5.9604645e-08,  1.0000004e+00,  0.0000000e+00],\n",
      "         [ 5.9604645e-08,  0.0000000e+00,  1.0000004e+00]],\n",
      "\n",
      "        [[ 9.9999982e-01,  2.9802322e-08,  0.0000000e+00],\n",
      "         [ 2.9802322e-08,  9.9999982e-01, -2.9802322e-08],\n",
      "         [ 0.0000000e+00, -7.4505806e-09,  9.9999988e-01]],\n",
      "\n",
      "        [[ 1.0000000e+00, -2.2351742e-08, -7.4505806e-09],\n",
      "         [ 6.7055225e-08,  1.0000001e+00,  0.0000000e+00],\n",
      "         [ 1.4901161e-08,  0.0000000e+00,  1.0000000e+00]],\n",
      "\n",
      "        [[ 1.0000000e+00,  5.9604645e-08,  2.9802322e-08],\n",
      "         [ 0.0000000e+00,  9.9999988e-01,  0.0000000e+00],\n",
      "         [ 0.0000000e+00,  1.4901161e-08,  9.9999988e-01]],\n",
      "\n",
      "        [[ 9.9999988e-01, -2.9802322e-08, -2.9802322e-08],\n",
      "         [-6.5192580e-08,  1.0000000e+00,  0.0000000e+00],\n",
      "         [ 0.0000000e+00,  0.0000000e+00,  1.0000000e+00]],\n",
      "\n",
      "        [[ 1.0000000e+00,  0.0000000e+00,  0.0000000e+00],\n",
      "         [ 0.0000000e+00,  1.0000000e+00,  0.0000000e+00],\n",
      "         [ 0.0000000e+00,  0.0000000e+00,  1.0000000e+00]]], dtype=float32), mass=Array([1., 1., 1., 1., 1., 1., 1., 1., 1., 1.], dtype=float32)), obs=Array([ 0.01510756, -0.03130541,  0.5445692 ,  0.99326843,  0.06717287,\n",
      "        -0.03980563,  0.08556367, -0.29573935,  0.81524676, -0.46558344,\n",
      "        -0.79656434, -0.30324447, -0.9334223 , -0.4199202 ,  1.2027571 ,\n",
      "         0.26025346,  0.35536546,  0.9980794 , -2.1000428 , -0.45239472,\n",
      "         7.451883  , -9.359733  , -5.0788383 , -9.139354  ,  7.1103873 ,\n",
      "        -8.045163  ,  3.4592056 , -8.973642  ,  6.059905  , -9.263674  ,\n",
      "        -3.7662115 ], dtype=float32), reward=Array(0., dtype=float32), done=Array(0., dtype=float32, weak_type=True), metrics={'dist': Array(10.002265, dtype=float32), 'distance_from_origin': Array(0.5456774, dtype=float32), 'forward_reward': Array(0.24210744, dtype=float32), 'reward_contact': Array(-0., dtype=float32, weak_type=True), 'reward_ctrl': Array(-3.0200953, dtype=float32), 'reward_forward': Array(0.24210744, dtype=float32), 'reward_survive': Array(1., dtype=float32, weak_type=True), 'success': Array(0., dtype=float32), 'success_easy': Array(0., dtype=float32), 'x_position': Array(0.01510756, dtype=float32), 'x_velocity': Array(0.24210744, dtype=float32), 'y_position': Array(-0.03130541, dtype=float32), 'y_velocity': Array(0.23843534, dtype=float32)}, info={})\n",
      " State(pipeline_state=State(q=Array([ 3.2302346e-02,  3.4416988e-03,  5.6286812e-01,  9.8013788e-01,\n",
      "         2.5699573e-02, -3.8796760e-02,  1.9277976e-01, -6.6434342e-01,\n",
      "         4.6811718e-01, -7.5883341e-01, -4.2845154e-01, -5.8276033e-01,\n",
      "        -6.9630629e-01, -7.3338097e-01,  1.2169259e+00, -9.2636738e+00,\n",
      "        -3.7662115e+00], dtype=float32), qd=Array([ 0.2070637 ,  0.7752806 , -0.2281619 , -1.2638752 ,  0.6274822 ,\n",
      "        -0.36570138, -2.4705555 , -9.158354  ,  0.1371823 ,  6.954185  ,\n",
      "        -0.5530194 ,  6.9183125 , -0.56490743, -1.1671733 ,  0.        ,\n",
      "         0.        ], dtype=float32), x=Transform(pos=Array([[ 3.23023461e-02,  3.44169885e-03,  5.62868118e-01],\n",
      "        [ 1.39705032e-01,  2.94395596e-01,  5.95723748e-01],\n",
      "        [ 3.84506851e-01,  4.56987202e-01,  6.21222436e-01],\n",
      "        [-2.52619982e-01,  1.15350485e-01,  5.46927035e-01],\n",
      "        [-3.80175114e-01,  3.79968643e-01,  5.47013581e-01],\n",
      "        [-7.31955543e-02, -2.77393878e-01,  5.14633417e-01],\n",
      "        [-3.04400533e-01, -4.49377418e-01,  4.70111310e-01],\n",
      "        [ 3.15763712e-01, -1.18348673e-01,  5.91570199e-01],\n",
      "        [ 4.50450927e-01, -3.85211408e-01,  5.85668087e-01],\n",
